// var boardSign=[[0,0,0,0,0,0,0,0,0,0,0,0,0,0,0,0],[0,0,0,0,0,0,0,0,0,0,0,0,0,0,0,0],[0,0,0,0,0,0,0,0,0,0,0,0,0,0,0,0],[0,0,0,0,0,0,0,0,0,0,0,0,0,0,0,0],
//     [0,0,0,0,0,0,0,0,0,0,0,0,0,0,0,0], [0,0,0,0,0,0,0,0,0,0,0,0,0,0,0,0],[0,0,0,0,0,0,0,0,0,0,0,0,0,0,0,0],[0,0,0,0,0,0,0,0,0,0,0,0,0,0,0,0],
//     [0,0,0,0,0,0,0,0,0,0,0,0,0,0,0,0], [0,0,0,0,0,0,0,0,0,0,0,0,0,0,0,0],[0,0,0,0,0,0,0,0,0,0,0,0,0,0,0,0],[0,0,0,0,0,0,0,0,0,0,0,0,0,0,0,0],
//     [0,0,0,0,0,0,0,0,0,0,0,0,0,0,0,0], [0,0,0,0,0,0,0,0,0,0,0,0,0,0,0,0],[0,0,0,0,0,0,0,0,0,0,0,0,0,0,0,0],[0,0,0,0,0,0,0,0,0,0,0,0,0,0,0,0]
// ];
//
// var board=[[2,2,2,2,2,2,2,2,2,2,2,2,2,2,2,2],[2,2,2,2,2,2,2,2,2,2,2,2,2,2,2,2],[2,2,2,2,2,2,2,2,2,2,0,2,2,2,2,2],[2,2,2,2,2,2,2,2,2,2,0,2,2,2,2,2],
//     [2,2,2,2,2,2,2,2,2,2,0,2,2,2,2,2], [1,1,1,1,1,1,1,1,1,1,0,1,1,1,1,1],[1,1,1,1,1,1,1,1,1,1,0,1,1,1,1,1],[3,3,3,3,3,3,3,3,3,3,0,3,3,3,3,3],
//     [3,3,3,3,3,3,3,3,3,3,0,3,3,3,3,3], [3,3,3,3,3,3,3,3,3,3,0,3,3,3,3,3],[2,2,2,2,2,2,2,2,2,2,0,2,2,2,2,2],[2,2,2,2,2,2,2,2,0,0,0,0,0,2,2,2],
//     [2,2,2,2,2,2,2,2,2,0,0,0,2,2,2,2], [2,2,2,2,2,2,2,2,2,2,0,2,2,2,2,2],[2,2,2,2,2,2,2,2,2,2,2,2,2,2,2,2],[2,2,2,2,2,2,2,2,2,2,2,2,2,2,2,2]
// ];

var boardSign=[[0,0,0,0,0,0,0,0,0,0],[0,0,0,0,0,0,0,0,0,0],[0,0,0,0,0,0,0,0,0,0],[0,0,0,0,0,0,0,0,0,0],
    [0,0,0,0,0,0,0,0,0,0], [0,0,0,0,0,0,0,0,0,0],[0,0,0,0,0,0,0,0,0,0],[0,0,0,0,0,0,0,0,0,0],
    [0,0,0,0,0,0,0,0,0,0], [0,0,0,0,0,0,0,0,0,0],[0,0,0,0,0,0,0,0,0,0],[0,0,0,0,0,0,0,0,0,0],
    [0,0,0,0,0,0,0,0,0,0], [0,0,0,0,0,0,0,0,0,0],[0,0,0,0,0,0,0,0,0,0],[0,0,0,0,0,0,0,0,0,0]
];

var board=[[0,0,0,0,0,0,0,0,0,0],[0,0,0,0,0,0,0,0,0,0],[0,0,0,0,0,0,0,0,0,0],[0,0,0,0,0,0,0,0,0,0],
    [0,0,0,0,0,0,0,0,0,0], [1,1,1,1,1,1,1,1,1,1],[0,0,0,0,0,0,0,0,0,0],[0,0,0,0,0,0,0,0,0,0],
    [0,0,0,0,0,0,0,0,0,0], [0,0,0,0,0,0,0,0,0,0],[0,0,0,0,0,0,0,0,0,0],[0,0,0,0,0,0,0,0,0,0],
    [0,0,0,0,0,0,0,0,0,0], [0,0,0,0,0,0,0,0,0,0],[1,1,1,1,1,1,1,1,1,1],[0,0,0,0,0,0,0,0,0,0]
];

// var board = [[0,0,0,0,0,0,0,0,0,0,0,0,0,0,0,0],[1,1,1,1,1,1,1,1,1,1,1,1,1,1,1,1],[2,2,2,2,2,2,2,2,2,2,2,2,2,2,2,2],[2,2,2,2,2,2,2,2,2,2,2,2,2,2,2,2],
//     [1,1,1,1,1,1,1,1,1,1,1,1,1,1,1,1], [0,0,0,0,0,0,0,0,0,0,0,0,0,0,0,0],[0,0,0,2,2,0,0,2,2,0,0,2,2,0,0,0],[0,0,0,2,2,0,0,2,2,0,0,2,2,0,0,0],
//     [0,0,0,0,0,0,0,0,0,0,0,0,0,0,0,0], [1,1,1,1,1,1,1,1,1,1,1,1,1,1,1,1],[1,1,1,1,1,1,1,1,1,1,1,1,1,1,1,1],[0,0,0,0,0,0,0,0,0,0,0,0,0,0,0,0],
//     [0,0,0,0,0,0,0,0,0,0,0,0,0,0,0,0], [0,0,0,0,0,0,0,0,0,0,0,0,0,0,0,0],[2,2,2,2,2,2,2,2,2,2,2,2,2,2,2,2],[2,2,2,2,2,2,2,2,2,2,2,2,2,2,2,2]
// ];


// var board=[[0,0,0,0,0,0,0,0,0,0,0,0,0,0,0,0],[0,0,0,0,0,0,0,0,0,0,0,0,0,0,0,0],[0,0,0,0,0,0,0,0,0,0,0,0,0,0,0,0],[0,0,0,0,0,0,0,0,0,0,0,0,0,0,0,0],
//     [0,0,0,0,0,0,0,0,0,0,0,0,0,0,0,0], [1,1,1,1,1,1,1,1,1,1,1,1,1,1,1,1],[1,1,1,1,1,1,1,1,1,1,1,1,1,1,1,1],[0,0,0,0,0,0,0,0,0,0,0,0,0,0,0,0],
//     [0,0,0,0,0,0,0,0,0,0,0,0,0,0,0,0], [0,0,0,0,0,0,0,0,0,0,0,0,0,0,0,0],[0,0,0,0,0,0,0,0,0,0,0,0,0,0,0,0],[0,0,0,0,0,0,0,0,0,0,0,0,0,0,0,0],
//     [0,0,0,0,0,0,0,0,0,0,0,0,0,0,0,0], [0,0,0,0,0,0,0,0,0,0,0,0,0,0,0,0],[0,0,0,0,0,0,0,0,0,0,0,0,0,0,0,0],[0,0,0,0,0,0,0,0,0,0,0,0,0,0,0,0]
// ];

