// var boardSign=[[0,0,0,0,0,0,0,0,0,0,0,0,0,0,0,0],[0,0,0,0,0,0,0,0,0,0,0,0,0,0,0,0],[0,0,0,0,0,0,0,0,0,0,0,0,0,0,0,0],[0,0,0,0,0,0,0,0,0,0,0,0,0,0,0,0],
//     [0,0,0,0,0,0,0,0,0,0,0,0,0,0,0,0], [0,0,0,0,0,0,0,0,0,0,0,0,0,0,0,0],[0,0,0,0,0,0,0,0,0,0,0,0,0,0,0,0],[0,0,0,0,0,0,0,0,0,0,0,0,0,0,0,0],
//     [0,0,0,0,0,0,0,0,0,0,0,0,0,0,0,0], [0,0,0,0,0,0,0,0,0,0,0,0,0,0,0,0],[0,0,0,0,0,0,0,0,0,0,0,0,0,0,0,0],[0,0,0,0,0,0,0,0,0,0,0,0,0,0,0,0],
//     [0,0,0,0,0,0,0,0,0,0,0,0,0,0,0,0], [0,0,0,0,0,0,0,0,0,0,0,0,0,0,0,0],[0,0,0,0,0,0,0,0,0,0,0,0,0,0,0,0],[0,0,0,0,0,0,0,0,0,0,0,0,0,0,0,0]
// ];
//
// var board=[[2,2,2,2,2,2,2,2,2,2,2,2,2,2,2,2],[2,2,2,2,2,2,2,2,2,2,2,2,2,2,2,2],[2,2,2,2,2,2,2,2,2,2,0,2,2,2,2,2],[2,2,2,2,2,2,2,2,2,2,0,2,2,2,2,2],
//     [2,2,2,2,2,2,2,2,2,2,0,2,2,2,2,2], [1,1,1,1,1,1,1,1,1,1,0,1,1,1,1,1],[1,1,1,1,1,1,1,1,1,1,0,1,1,1,1,1],[3,3,3,3,3,3,3,3,3,3,0,3,3,3,3,3],
//     [3,3,3,3,3,3,3,3,3,3,0,3,3,3,3,3], [3,3,3,3,3,3,3,3,3,3,0,3,3,3,3,3],[2,2,2,2,2,2,2,2,2,2,0,2,2,2,2,2],[2,2,2,2,2,2,2,2,0,0,0,0,0,2,2,2],
//     [2,2,2,2,2,2,2,2,2,0,0,0,2,2,2,2], [2,2,2,2,2,2,2,2,2,2,0,2,2,2,2,2],[2,2,2,2,2,2,2,2,2,2,2,2,2,2,2,2],[2,2,2,2,2,2,2,2,2,2,2,2,2,2,2,2]
// ];

var boardSign=[[0,0,0,0,0,0,0,0,0,0],[0,0,0,0,0,0,0,0,0,0],[0,0,0,0,0,0,0,0,0,0],[0,0,0,0,0,0,0,0,0,0],
    [0,0,0,0,0,0,0,0,0,0], [0,0,0,0,0,0,0,0,0,0],[0,0,0,0,0,0,0,0,0,0],[0,0,0,0,0,0,0,0,0,0],
    [0,0,0,0,0,0,0,0,0,0], [0,0,0,0,0,0,0,0,0,0],[0,0,0,0,0,0,0,0,0,0],[0,0,0,0,0,0,0,0,0,0],
    [0,0,0,0,0,0,0,0,0,0], [0,0,0,0,0,0,0,0,0,0],[0,0,0,0,0,0,0,0,0,0],[0,0,0,0,0,0,0,0,0,0]
];

// var board=[[3,3,3,3,3,3,3,3,3,3],[3,3,3,3,3,3,3,3,3,3],[3,3,3,3,3,3,3,3,3,3],[3,3,1,1,1,1,1,1,3,3],
//     [3,3,1,1,1,1,1,1,3,3], [3,3,1,1,1,1,1,1,3,3],[3,3,0,0,0,0,0,0,3,3],[3,3,0,0,0,0,0,0,3,3],
//     [3,3,0,0,0,0,0,0,3,3], [3,3,0,0,0,0,0,0,3,3],[3,3,1,1,1,1,1,1,3,3],[3,3,1,1,1,1,1,1,3,3],
//     [3,3,1,1,1,1,1,1,3,3], [3,3,3,3,3,3,3,3,3,3],[3,3,3,3,3,3,3,3,3,3],[3,3,3,3,3,3,3,3,3,3]
// ];
var board=[[[3,3,3,3,3,3,3,3,3,3],[3,3,3,3,3,3,3,3,3,3],[3,3,3,3,3,3,3,3,3,3],[3,3,1,1,1,1,1,1,3,3],
    [3,3,1,1,1,1,1,1,3,3], [3,3,1,1,1,1,1,1,3,3],[3,3,0,0,0,0,0,0,3,3],[3,3,0,0,0,0,0,0,3,3],
    [3,3,0,0,0,0,0,0,3,3], [3,3,0,0,0,0,0,0,3,3],[3,3,1,1,1,1,1,1,3,3],[3,3,1,1,1,1,1,1,3,3],
    [3,3,1,1,1,1,1,1,3,3], [3,3,3,3,3,3,3,3,3,3],[3,3,3,3,3,3,3,3,3,3],[3,3,3,3,3,3,3,3,3,3]],
    [[3,3,3,1,1,3,1,1,3,3],[3,3,1,1,3,3,3,1,1,3],[3,1,1,3,3,0,3,3,1,1],[1,1,3,3,0,0,0,3,3,1],
    [1,3,3,0,0,3,0,0,3,3],[1,3,0,0,3,1,3,0,0,3],[1,3,3,0,0,3,0,0,3,3],[1,1,3,3,0,0,0,3,3,1],
    [3,1,1,3,3,0,3,3,1,1],[3,3,1,1,3,3,3,1,1,3],[3,3,3,1,1,3,1,1,3,3],[0,3,3,3,1,1,1,3,3,3],
    [0,0,3,3,3,1,3,3,3,0],[3,0,0,3,3,3,3,3,0,0],[3,3,0,0,3,3,3,0,0,3],[3,3,3,0,0,3,0,0,3,3]],
    [[1,1,2,2,2,0,0,0,3,3],[1,1,2,2,2,0,0,0,3,3],[1,1,2,2,2,0,0,0,3,3],[1,1,2,2,2,0,0,0,0,0],
    [1,2,2,2,2,0,1,1,0,0],[1,3,3,1,1,0,1,1,0,0],[1,3,3,1,1,0,1,1,0,0],[1,3,3,1,1,0,0,0,0,0],
    [1,2,2,1,1,0,0,0,0,0],[0,0,2,1,1,0,1,1,2,2],[0,0,2,1,1,0,1,1,2,2],[0,0,2,1,1,0,1,1,2,2],
    [0,1,1,2,2,0,2,2,1,1],[0,1,1,2,2,0,2,2,1,1],[0,1,1,2,2,0,2,2,1,1],[0,0,0,0,0,0,2,2,1,1]],
    [[1,1,1,1,1,1,2,1,2,2],[1,3,3,0,2,2,0,3,3,2],[1,3,3,0,2,2,0,3,3,1],[1,0,0,1,2,2,1,0,0,2],
    [1,3,3,3,1,1,2,2,2,1],[3,3,2,1,2,2,1,2,2,2],[2,2,2,1,2,2,1,2,2,2],[2,2,2,0,3,3,0,2,2,2],
    [2,2,2,0,3,3,0,2,2,2],[2,2,2,1,2,2,1,2,2,2],[3,3,2,1,2,2,1,2,2,2],[1,3,3,3,1,1,2,2,2,1],
    [1,0,0,1,2,2,1,0,0,2],[1,3,3,0,2,2,0,3,3,1],[1,3,3,0,2,2,0,3,3,2],[1,1,1,1,1,1,2,1,2,2]],
    [[0,1,0,2,0,0,1,0,2,0],[2,1,2,2,2,2,2,2,2,2],[0,1,0,2,0,0,1,0,2,0],[0,1,0,2,0,0,1,0,2,0],
    [3,3,3,3,3,3,1,3,2,3],[0,1,0,2,0,0,1,0,2,0],[0,1,0,2,0,0,1,0,2,0],[0,1,0,2,0,0,1,0,2,0],
    [3,1,3,2,3,3,3,3,3,3],[0,1,0,2,0,0,1,0,2,0],[0,1,0,2,0,0,1,0,2,0],[1,1,1,1,1,1,1,1,1,1],
    [0,1,0,2,0,0,1,0,2,0],[3,3,3,2,3,3,3,3,2,3],[0,1,0,2,0,0,1,0,2,0],[0,1,0,2,0,0,1,0,2,0]],
    [[3,1,3,3,2,3,3,1,3,3],[3,1,1,3,2,2,3,1,1,3],[1,3,3,2,3,3,2,3,3,1],[1,1,3,2,2,3,2,2,3,1],
    [3,3,2,3,3,1,3,3,2,3],[1,3,2,2,3,1,1,3,2,2],[3,1,3,3,1,3,3,1,3,3],[3,1,1,3,1,1,3,1,1,3],
    [1,3,3,2,3,3,2,3,3,1],[1,1,3,2,2,3,2,2,3,1],[3,3,2,3,3,1,3,3,2,3],[2,3,2,2,3,1,1,3,2,2],
    [3,1,3,3,2,3,3,1,3,3],[3,1,1,3,2,2,3,1,1,3],[2,3,3,1,3,3,2,3,3,2],[2,2,3,1,1,3,2,2,3,2]]
];

var board1=[[[3,3,3,3,3,3,3,3,3,3],[3,3,3,3,3,3,3,3,3,3],[3,3,3,3,3,3,3,3,3,3],[3,3,1,1,1,1,1,1,3,3],
    [3,3,1,1,1,1,1,1,3,3], [3,3,1,1,1,1,1,1,3,3],[3,3,0,0,0,0,0,0,3,3],[3,3,0,0,0,0,0,0,3,3],
    [3,3,0,0,0,0,0,0,3,3], [3,3,0,0,0,0,0,0,3,3],[3,3,1,1,1,1,1,1,3,3],[3,3,1,1,1,1,1,1,3,3],
    [3,3,1,1,1,1,1,1,3,3], [3,3,3,3,3,3,3,3,3,3],[3,3,3,3,3,3,3,3,3,3],[3,3,3,3,3,3,3,3,3,3]],
    [[3,3,3,1,1,3,1,1,3,3],[3,3,1,1,3,3,3,1,1,3],[3,1,1,3,3,0,3,3,1,1],[1,1,3,3,0,0,0,3,3,1],
        [1,3,3,0,0,3,0,0,3,3],[1,3,0,0,3,1,3,0,0,3],[1,3,3,0,0,3,0,0,3,3],[1,1,3,3,0,0,0,3,3,1],
        [3,1,1,3,3,0,3,3,1,1],[3,3,1,1,3,3,3,1,1,3],[3,3,3,1,1,3,1,1,3,3],[0,3,3,3,1,1,1,3,3,3],
        [0,0,3,3,3,1,3,3,3,0],[3,0,0,3,3,3,3,3,0,0],[3,3,0,0,3,3,3,0,0,3],[3,3,3,0,0,3,0,0,3,3]],
    [[1,1,2,2,2,0,0,0,3,3],[1,1,2,2,2,0,0,0,3,3],[1,1,2,2,2,0,0,0,3,3],[1,1,2,2,2,0,0,0,0,0],
        [1,2,2,2,2,0,1,1,0,0],[1,3,3,1,1,0,1,1,0,0],[1,3,3,1,1,0,1,1,0,0],[1,3,3,1,1,0,0,0,0,0],
        [1,2,2,1,1,0,0,0,0,0],[0,0,2,1,1,0,1,1,2,2],[0,0,2,1,1,0,1,1,2,2],[0,0,2,1,1,0,1,1,2,2],
        [0,1,1,2,2,0,2,2,1,1],[0,1,1,2,2,0,2,2,1,1],[0,1,1,2,2,0,2,2,1,1],[0,0,0,0,0,0,2,2,1,1]],
    [[1,1,1,1,1,1,2,1,2,2],[1,3,3,0,2,2,0,3,3,2],[1,3,3,0,2,2,0,3,3,1],[1,0,0,1,2,2,1,0,0,2],
        [1,3,3,3,1,1,2,2,2,1],[3,3,2,1,2,2,1,2,2,2],[2,2,2,1,2,2,1,2,2,2],[2,2,2,0,3,3,0,2,2,2],
        [2,2,2,0,3,3,0,2,2,2],[2,2,2,1,2,2,1,2,2,2],[3,3,2,1,2,2,1,2,2,2],[1,3,3,3,1,1,2,2,2,1],
        [1,0,0,1,2,2,1,0,0,2],[1,3,3,0,2,2,0,3,3,1],[1,3,3,0,2,2,0,3,3,2],[1,1,1,1,1,1,2,1,2,2]],
    [[0,1,0,2,0,0,1,0,2,0],[2,1,2,2,2,2,2,2,2,2],[0,1,0,2,0,0,1,0,2,0],[0,1,0,2,0,0,1,0,2,0],
        [3,3,3,3,3,3,1,3,2,3],[0,1,0,2,0,0,1,0,2,0],[0,1,0,2,0,0,1,0,2,0],[0,1,0,2,0,0,1,0,2,0],
        [3,1,3,2,3,3,3,3,3,3],[0,1,0,2,0,0,1,0,2,0],[0,1,0,2,0,0,1,0,2,0],[1,1,1,1,1,1,1,1,1,1],
        [0,1,0,2,0,0,1,0,2,0],[3,3,3,2,3,3,3,3,2,3],[0,1,0,2,0,0,1,0,2,0],[0,1,0,2,0,0,1,0,2,0]],
    [[3,1,3,3,2,3,3,1,3,3],[3,1,1,3,2,2,3,1,1,3],[1,3,3,2,3,3,2,3,3,1],[1,1,3,2,2,3,2,2,3,1],
        [3,3,2,3,3,1,3,3,2,3],[1,3,2,2,3,1,1,3,2,2],[3,1,3,3,1,3,3,1,3,3],[3,1,1,3,1,1,3,1,1,3],
        [1,3,3,2,3,3,2,3,3,1],[1,1,3,2,2,3,2,2,3,1],[3,3,2,3,3,1,3,3,2,3],[2,3,2,2,3,1,1,3,2,2],
        [3,1,3,3,2,3,3,1,3,3],[3,1,1,3,2,2,3,1,1,3],[2,3,3,1,3,3,2,3,3,2],[2,2,3,1,1,3,2,2,3,2]]
];
var stepNumber=[2,5,3,7,5,8];

// var board = [[0,0,0,0,0,0,0,0,0,0,0,0,0,0,0,0],[1,1,1,1,1,1,1,1,1,1,1,1,1,1,1,1],[2,2,2,2,2,2,2,2,2,2,2,2,2,2,2,2],[2,2,2,2,2,2,2,2,2,2,2,2,2,2,2,2],
//     [1,1,1,1,1,1,1,1,1,1,1,1,1,1,1,1], [0,0,0,0,0,0,0,0,0,0,0,0,0,0,0,0],[0,0,0,2,2,0,0,2,2,0,0,2,2,0,0,0],[0,0,0,2,2,0,0,2,2,0,0,2,2,0,0,0],
//     [0,0,0,0,0,0,0,0,0,0,0,0,0,0,0,0], [1,1,1,1,1,1,1,1,1,1,1,1,1,1,1,1],[1,1,1,1,1,1,1,1,1,1,1,1,1,1,1,1],[0,0,0,0,0,0,0,0,0,0,0,0,0,0,0,0],
//     [0,0,0,0,0,0,0,0,0,0,0,0,0,0,0,0], [0,0,0,0,0,0,0,0,0,0,0,0,0,0,0,0],[2,2,2,2,2,2,2,2,2,2,2,2,2,2,2,2],[2,2,2,2,2,2,2,2,2,2,2,2,2,2,2,2]
// ];


// var board=[[0,0,0,0,0,0,0,0,0,0,0,0,0,0,0,0],[0,0,0,0,0,0,0,0,0,0,0,0,0,0,0,0],[0,0,0,0,0,0,0,0,0,0,0,0,0,0,0,0],[0,0,0,0,0,0,0,0,0,0,0,0,0,0,0,0],
//     [0,0,0,0,0,0,0,0,0,0,0,0,0,0,0,0], [1,1,1,1,1,1,1,1,1,1,1,1,1,1,1,1],[1,1,1,1,1,1,1,1,1,1,1,1,1,1,1,1],[0,0,0,0,0,0,0,0,0,0,0,0,0,0,0,0],
//     [0,0,0,0,0,0,0,0,0,0,0,0,0,0,0,0], [0,0,0,0,0,0,0,0,0,0,0,0,0,0,0,0],[0,0,0,0,0,0,0,0,0,0,0,0,0,0,0,0],[0,0,0,0,0,0,0,0,0,0,0,0,0,0,0,0],
//     [0,0,0,0,0,0,0,0,0,0,0,0,0,0,0,0], [0,0,0,0,0,0,0,0,0,0,0,0,0,0,0,0],[0,0,0,0,0,0,0,0,0,0,0,0,0,0,0,0],[0,0,0,0,0,0,0,0,0,0,0,0,0,0,0,0]
// ];

